TP1 4.25 -2.79 1.04
TP2 4.25 -3.14 1.04
TP3 4.25 -3.49 1.04
TP4 4.25 -3.84 1.04
TP5 4.25 -4.19 1.04
TP6 4.25 -4.54 1.04
TP7 4.25 -4.89 1.04
TP8 4.25 -5.24 1.04
TP9 4.25 -5.59 1.04
TP10 4.25 -5.94 1.04
TP11 4.25 -6.29 1.04
TP12 4.25 -6.64 1.04
TP13 4.25 -6.99 1.04
TP14 4.25 -7.34 1.04
TP15 4.25 -7.69 1.04
TB1 2.06 -2.89 1.24
TB2 2.06 -3.24 1.24
TB3 2.06 -3.59 1.24
TB4 2.06 -3.94 1.24
TB5 2.06 -4.29 1.24
TB6 2.06 -4.64 1.24
TB7 2.06 -4.99 1.24
TB8 2.06 -5.34 1.24
TB9 2.06 -5.69 1.24
TB10 2.06 -6.04 1.24
TB11 2.06 -6.39 1.24
TB12 2.06 -6.74 1.24
TB13 2.06 -7.09 1.24
TB14 2.06 -7.44 1.24
TB15 2.06 -7.79 1.24
A1 2.5 -2.67 2.22
A2 2.5 -3.02 2.22
A3 2.5 -3.37 2.22
A4 2.5 -3.72 2.22
A5 2.5 -4.07 2.22
A6 2.5 -4.42 2.22
A7 2.5 -4.77 2.22
A8 2.5 -5.12 2.22
A9 2.5 -5.47 2.22
A10 2.5 -5.82 2.22
A11 2.5 -6.17 2.22
A12 2.5 -6.52 2.22
A13 2.5 -6.87 2.22
A14 2.5 -7.22 2.22
A15 2.5 -7.57 2.22
B1 1.71 -2.37 2.25
B2 1.71 -2.72 2.25
B3 1.71 -3.07 2.25
B4 1.71 -3.42 2.25
B5 1.71 -3.77 2.25
B6 1.71 -4.12 2.25
B7 1.71 -4.47 2.25
B8 1.71 -4.82 2.25
B9 1.71 -5.17 2.25
B10 1.71 -5.52 2.25
B11 1.71 -5.87 2.25
B12 1.71 -6.22 2.25
B13 1.71 -6.57 2.25
B14 1.71 -6.92 2.25
B15 1.71 -7.27 2.25
C1 -0.14 -3.26 3.45
C2 -0.14 -3.61 3.45
C3 -0.14 -3.96 3.45
C4 -0.14 -4.31 3.45
C5 -0.14 -4.66 3.45
C6 -0.14 -5.01 3.45
C7 -0.14 -5.36 3.45
C8 -0.14 -5.71 3.45
C9 -0.14 -6.06 3.45
C10 -0.14 -6.41 3.45
C11 -0.14 -6.76 3.45
C12 -0.14 -7.11 3.45
C13 -0.14 -7.46 3.45
C14 -0.14 -7.81 3.45
C15 -0.14 -8.16 3.45
GPH1 -0.76 -2.87 2.97
GPH2 -0.76 -3.22 2.97
GPH3 -0.76 -3.57 2.97
GPH4 -0.76 -3.92 2.97
GPH5 -0.76 -4.27 2.97
GPH6 -0.76 -4.62 2.97
GPH7 -0.76 -4.97 2.97
GPH8 -0.76 -5.32 2.97
GPH9 -0.76 -5.67 2.97
GPH10 -0.76 -6.02 2.97
GPH11 -0.76 -6.37 2.97
GPH12 -0.76 -6.72 2.97
GPH13 -0.76 -7.07 2.97
GPH14 -0.76 -7.42 2.97
GPH15 -0.76 -7.77 2.97
OT1 -3.36 -2.96 3.2
OT2 -3.36 -3.31 3.2
OT3 -3.36 -3.66 3.2
OT4 -3.36 -4.01 3.2
OT5 -3.36 -4.36 3.2
OT6 -3.36 -4.71 3.2
OT7 -3.36 -5.06 3.2
OT8 -3.36 -5.41 3.2
OT9 -3.36 -5.76 3.2
OT10 -3.36 -6.11 3.2
OT11 -3.36 -6.46 3.2
OT12 -3.36 -6.81 3.2
OT13 -3.36 -7.16 3.2
OT14 -3.36 -7.51 3.2
OT15 -3.36 -7.86 3.2
FCA1 -2.84 -1.23 5.55
FCA2 -2.84 -1.58 5.55
FCA3 -2.84 -1.93 5.55
FCA4 -2.84 -2.28 5.55
FCA5 -2.84 -2.63 5.55
FCA6 -2.84 -2.98 5.55
FCA7 -2.84 -3.33 5.55
FCA8 -2.84 -3.68 5.55
FCA9 -2.84 -4.03 5.55
FCA10 -2.84 -4.38 5.55
FCA11 -2.84 -4.73 5.55
FCA12 -2.84 -5.08 5.55
FCA13 -2.84 -5.43 5.55
FCA14 -2.84 -5.78 5.55
FCA15 -2.84 -6.13 5.55
GL1 -4.77 -0.54 5.13
GL2 -4.77 -0.89 5.13
GL3 -4.77 -1.24 5.13
GL4 -4.77 -1.59 5.13
GL5 -4.77 -1.94 5.13
GL6 -4.77 -2.29 5.13
GL7 -4.77 -2.64 5.13
GL8 -4.77 -2.99 5.13
GL9 -4.77 -3.34 5.13
GL10 -4.77 -3.69 5.13
GL11 -4.77 -4.04 5.13
GL12 -4.77 -4.39 5.13
GL13 -4.77 -4.74 5.13
GL14 -4.77 -5.09 5.13
GL15 -4.77 -5.44 5.13
Cu1 -5.49 -0.52 6.77
Cu2 -5.49 -0.87 6.77
Cu3 -5.49 -1.22 6.77
Cu4 -5.49 -1.57 6.77
Cu5 -5.49 -1.92 6.77
Cu6 -5.49 -2.27 6.77
Cu7 -5.49 -2.62 6.77
Cu8 -5.49 -2.97 6.77
Cu9 -5.49 -3.32 6.77
Cu10 -5.49 -3.67 6.77
Cu11 -5.49 -4.02 6.77
Cu12 -5.49 -4.37 6.77
Cu13 -5.49 -4.72 6.77
Cu14 -5.49 -5.07 6.77
Cu15 -5.49 -5.42 6.77
PFG1 -3.06 -0.41 7.26
PFG2 -3.06 -0.76 7.26
PFG3 -3.06 -1.11 7.26
PFG4 -3.06 -1.46 7.26
PFG5 -3.06 -1.81 7.26
PFG6 -3.06 -2.16 7.26
PFG7 -3.06 -2.51 7.26
PFG8 -3.06 -2.86 7.26
PFG9 -3.06 -3.21 7.26
PFG10 -3.06 -3.56 7.26
PFG11 -3.06 -3.91 7.26
PFG12 -3.06 -4.26 7.26
PFG13 -3.06 -4.61 7.26
PFG14 -3.06 -4.96 7.26
PFG15 -3.06 -5.31 7.26
PP1 -3.65 -0.29 9.78
PP2 -3.65 -0.64 9.78
PP3 -3.65 -0.99 9.78
PP4 -3.65 -1.34 9.78
PP5 -3.65 -1.69 9.78
PP6 -3.65 -2.04 9.78
PP7 -3.65 -2.39 9.78
PP8 -3.65 -2.74 9.78
PP9 -3.65 -3.09 9.78
PP10 -3.65 -3.44 9.78
PP11 -3.65 -3.79 9.78
PP12 -3.65 -4.14 9.78
PP13 -3.65 -4.49 9.78
PP14 -3.65 -4.84 9.78
PP15 -3.65 -5.19 9.78
PA1 -2.92 -0.58 10.26
PA2 -2.92 -0.93 10.26
PA3 -2.92 -1.28 10.26
PA4 -2.92 -1.63 10.26
PA5 -2.92 -1.98 10.26
PA6 -2.92 -2.33 10.26
PA7 -2.92 -2.68 10.26
PA8 -2.92 -3.03 10.26
PA9 -2.92 -3.38 10.26
PA10 -2.92 -3.73 10.26
PA11 -2.92 -4.08 10.26
PA12 -2.92 -4.43 10.26
PA13 -2.92 -4.78 10.26
PA14 -2.92 -5.13 10.26
PA15 -2.92 -5.48 10.26
GC1 -2.38 -0.32 6.92
GC2 -2.38 -0.67 6.92
GC3 -2.38 -1.02 6.92
GC4 -2.38 -1.37 6.92
GC5 -2.38 -1.72 6.92
GC6 -2.38 -2.07 6.92
GC7 -2.38 -2.42 6.92
GC8 -2.38 -2.77 6.92
GC9 -2.38 -3.12 6.92
GC10 -2.38 -3.47 6.92
GC11 -2.38 -3.82 6.92
GC12 -2.38 -4.17 6.92
GC13 -2.38 -4.52 6.92
GC14 -2.38 -4.87 6.92
GC15 -2.38 -5.22 6.92
PI1 -1.62 -0.2 8.09
PI2 -1.62 -0.55 8.09
PI3 -1.62 -0.9 8.09
PI4 -1.62 -1.25 8.09
PI5 -1.62 -1.6 8.09
PI6 -1.62 -1.95 8.09
PI7 -1.62 -2.3 8.09
PI8 -1.62 -2.65 8.09
PI9 -1.62 -3.0 8.09
PI10 -1.62 -3.35 8.09
PI11 -1.62 -3.7 8.09
PI12 -1.62 -4.05 8.09
PI13 -1.62 -4.4 8.09
PI14 -1.62 -4.75 8.09
PI15 -1.62 -5.1 8.09
CP1 0.67 -0.51 7.98
CP2 0.67 -0.86 7.98
CP3 0.67 -1.21 7.98
CP4 0.67 -1.56 7.98
CP5 0.67 -1.91 7.98
CP6 0.67 -2.26 7.98
CP7 0.67 -2.61 7.98
CP8 0.67 -2.96 7.98
CP9 0.67 -3.31 7.98
CP10 0.67 -3.66 7.98
CP11 0.67 -4.01 7.98
CP12 0.67 -4.36 7.98
CP13 0.67 -4.71 7.98
CP14 0.67 -5.06 7.98
CP15 0.67 -5.41 7.98
CC1 3.64 -0.42 7.14
CC2 3.64 -0.77 7.14
CC3 3.64 -1.12 7.14
CC4 3.64 -1.47 7.14
CC5 3.64 -1.82 7.14
CC6 3.64 -2.17 7.14
CC7 3.64 -2.52 7.14
CC8 3.64 -2.87 7.14
CC9 3.64 -3.22 7.14
CC10 3.64 -3.57 7.14
CC11 3.64 -3.92 7.14
CC12 3.64 -4.27 7.14
CC13 3.64 -4.62 7.14
CC14 3.64 -4.97 7.14
CC15 3.64 -5.32 7.14
LP1 -0.2 -0.27 10.72
LP2 -0.2 -0.62 10.72
LP3 -0.2 -0.97 10.72
LP4 -0.2 -1.32 10.72
LP5 -0.2 -1.67 10.72
LP6 -0.2 -2.02 10.72
LP7 -0.2 -2.37 10.72
LP8 -0.2 -2.72 10.72
LP9 -0.2 -3.07 10.72
LP10 -0.2 -3.42 10.72
LP11 -0.2 -3.77 10.72
LP12 -0.2 -4.12 10.72
LP13 -0.2 -4.47 10.72
LP14 -0.2 -4.82 10.72
LP15 -0.2 -5.17 10.72
SA1 0.79 -0.18 10.48
SA2 0.79 -0.53 10.48
SA3 0.79 -0.88 10.48
SA4 0.79 -1.23 10.48
SA5 0.79 -1.58 10.48
SA6 0.79 -1.93 10.48
SA7 0.79 -2.28 10.48
SA8 0.79 -2.63 10.48
SA9 0.79 -2.98 10.48
SA10 0.79 -3.33 10.48
SA11 0.79 -3.68 10.48
SA12 0.79 -4.03 10.48
SA13 0.79 -4.38 10.48
SA14 0.79 -4.73 10.48
SA15 0.79 -5.08 10.48
PM1 2.68 -0.18 10.29
PM2 2.68 -0.53 10.29
PM3 2.68 -0.88 10.29
PM4 2.68 -1.23 10.29
PM5 2.68 -1.58 10.29
PM6 2.68 -1.93 10.29
PM7 2.68 -2.28 10.29
PM8 2.68 -2.63 10.29
PM9 2.68 -2.98 10.29
PM10 2.68 -3.33 10.29
PM11 2.68 -3.68 10.29
PM12 2.68 -4.03 10.29
PM13 2.68 -4.38 10.29
PM14 2.68 -4.73 10.29
PM15 2.68 -5.08 10.29
FD1 5.43 -0.29 9.06
FD2 5.43 -0.64 9.06
FD3 5.43 -0.99 9.06
FD4 5.43 -1.34 9.06
FD5 5.43 -1.69 9.06
FD6 5.43 -2.04 9.06
FD7 5.43 -2.39 9.06
FD8 5.43 -2.74 9.06
FD9 5.43 -3.09 9.06
FD10 5.43 -3.44 9.06
FD11 5.43 -3.79 9.06
FD12 5.43 -4.14 9.06
FD13 5.43 -4.49 9.06
FD14 5.43 -4.84 9.06
FD15 5.43 -5.19 9.06
FP1 8.75 -0.54 5.2
FP2 8.75 -0.89 5.2
FP3 8.75 -1.24 5.2
FP4 8.75 -1.59 5.2
FP5 8.75 -1.94 5.2
FP6 8.75 -2.29 5.2
FP7 8.75 -2.64 5.2
FP8 8.75 -2.99 5.2
FP9 8.75 -3.34 5.2
FP10 8.75 -3.69 5.2
FP11 8.75 -4.04 5.2
FP12 8.75 -4.39 5.2
FP13 8.75 -4.74 5.2
FP14 8.75 -5.09 5.2
FP15 8.75 -5.44 5.2
CR1 5.94 -0.94 4.99
CR2 5.94 -1.29 4.99
CR3 5.94 -1.64 4.99
CR4 5.94 -1.99 4.99
CR5 5.94 -2.34 4.99
CR6 5.94 -2.69 4.99
CR7 5.94 -3.04 4.99
CR8 5.94 -3.39 4.99
CR9 5.94 -3.74 4.99
CR10 5.94 -4.09 4.99
CR11 5.94 -4.44 4.99
CR12 5.94 -4.79 4.99
CR13 5.94 -5.14 4.99
CR14 5.94 -5.49 4.99
CR15 5.94 -5.84 4.99
R1 7.14 -0.57 2.78
R2 7.14 -0.92 2.78
R3 7.14 -1.27 2.78
R4 7.14 -1.62 2.78
R5 7.14 -1.97 2.78
R6 7.14 -2.32 2.78
R7 7.14 -2.67 2.78
R8 7.14 -3.02 2.78
R9 7.14 -3.37 2.78
R10 7.14 -3.72 2.78
R11 7.14 -4.07 2.78
R12 7.14 -4.42 2.78
R13 7.14 -4.77 2.78
R14 7.14 -5.12 2.78
R15 7.14 -5.47 2.78
OR1 4.44 -0.46 3.0
OR2 4.69595497202 -0.463571464726 3.23869289251
OR3 4.95190994404 -0.467142929452 3.47738578503
OR4 5.20786491607 -0.470714394178 3.71607867754
OR5 5.46381988809 -0.474285858904 3.95477157006
OR6 6.12198981615 -0.483469625342 4.56855329366
OR7 6.37794478817 -0.487041090067 4.80724618618
OR8 6.63389976019 -0.490612554793 5.04593907869
OR9 6.88985473222 -0.494184019519 5.28463197121
OR10 7.14580970424 -0.497755484245 5.52332486372
OR11 7.8039796323 -0.506939250683 6.13710658733
OR12 8.05993460432 -0.510510715409 6.37579947984
OR13 8.31588957634 -0.514082180135 6.61449237235
OR14 8.57184454836 -0.517653644861 6.85318526487
OR15 8.82779952039 -0.521225109587 7.09187815738
FT1 5.9 -0.35 4.13
FT2 5.9 -0.7 4.13
FT3 5.9 -1.05 4.13
FT4 5.9 -1.4 4.13
FT5 5.9 -1.75 4.13
FT6 5.9 -2.1 4.13
FT7 5.9 -2.45 4.13
FT8 5.9 -2.8 4.13
FT9 5.9 -3.15 4.13
FT10 5.9 -3.5 4.13
FT11 5.9 -3.85 4.13
FT12 5.9 -4.2 4.13
FT13 5.9 -4.55 4.13
FT14 5.9 -4.9 4.13
FT15 5.9 -5.25 4.13
SC1 -1.37 -0.29 9.28
SC2 -1.37 -0.64 9.28
SC3 -1.37 -0.99 9.28
SC4 -1.37 -1.34 9.28
SC5 -1.37 -1.69 9.28
SC6 -1.37 -2.04 9.28
SC7 -1.37 -2.39 9.28
SC8 -1.37 -2.74 9.28
SC9 -1.37 -3.09 9.28
SC10 -1.37 -3.44 9.28
SC11 -1.37 -3.79 9.28
SC12 -1.37 -4.14 9.28
SC13 -1.37 -4.49 9.28
SC14 -1.37 -4.84 9.28
SC15 -1.37 -5.19 9.28
OF1 4.61 -3.65 4.53
OF2 4.61 -4.0 4.53
OF3 4.61 -4.35 4.53
OF4 4.61 -4.7 4.53
OF5 4.61 -5.05 4.53
OF6 4.61 -5.4 4.53
OF7 4.61 -5.75 4.53
OF8 4.61 -6.1 4.53
OF9 4.61 -6.45 4.53
OF10 4.61 -6.8 4.53
OF11 4.61 -7.15 4.53
OF12 4.61 -7.5 4.53
OF13 4.61 -7.85 4.53
OF14 4.61 -8.2 4.53
OF15 4.61 -8.55 4.53
OC1 1.83 -3.74 4.96
OC2 1.83 -4.09 4.96
OC3 1.83 -4.44 4.96
OC4 1.83 -4.79 4.96
OC5 1.83 -5.14 4.96
OC6 1.83 -5.49 4.96
OC7 1.83 -5.84 4.96
OC8 1.83 -6.19 4.96
OC9 1.83 -6.54 4.96
OC10 1.83 -6.89 4.96
OC11 1.83 -7.24 4.96
OC12 1.83 -7.59 4.96
OC13 1.83 -7.94 4.96
OC14 1.83 -8.29 4.96
OC15 1.83 -8.64 4.96
OP1 -0.02 -3.53 6.05
OP2 -0.02 -3.88 6.05
OP3 -0.02 -4.23 6.05
OP4 -0.02 -4.58 6.05
OP5 -0.02 -4.93 6.05
OP6 -0.02 -5.28 6.05
OP7 -0.02 -5.63 6.05
OP8 -0.02 -5.98 6.05
OP9 -0.02 -6.33 6.05
OP10 -0.02 -6.68 6.05
OP11 -0.02 -7.03 6.05
OP12 -0.02 -7.38 6.05
OP13 -0.02 -7.73 6.05
OP14 -0.02 -8.08 6.05
OP15 -0.02 -8.43 6.05
H1 1.1 -2.05 4.28
H2 1.1 -2.4 4.28
H3 1.1 -2.75 4.28
H4 1.1 -3.1 4.28
H5 1.1 -3.45 4.28
H6 1.1 -3.8 4.28
H7 1.1 -4.15 4.28
H8 1.1 -4.5 4.28
H9 1.1 -4.85 4.28
H10 1.1 -5.2 4.28
H11 1.1 -5.55 4.28
H12 1.1 -5.9 4.28
H13 1.1 -6.25 4.28
H14 1.1 -6.6 4.28
H15 1.1 -6.95 4.28
T1 1.48 -1.86 3.76
T2 1.48 -2.21 3.76
T3 1.48 -2.56 3.76
T4 1.48 -2.91 3.76
T5 1.48 -3.26 3.76
T6 1.48 -3.61 3.76
T7 1.48 -3.96 3.76
T8 1.48 -4.31 3.76
T9 1.48 -4.66 3.76
T10 1.48 -5.01 3.76
T11 1.48 -5.36 3.76
T12 1.48 -5.71 3.76
T13 1.48 -6.06 3.76
T14 1.48 -6.41 3.76
T15 1.48 -6.76 3.76
TP'1 4.25 2.79 1.04
TP'2 4.25 3.14 1.04
TP'3 4.25 3.49 1.04
TP'4 4.25 3.84 1.04
TP'5 4.25 4.19 1.04
TP'6 4.25 4.54 1.04
TP'7 4.25 4.89 1.04
TP'8 4.25 5.24 1.04
TP'9 4.25 5.59 1.04
TP'10 4.25 5.94 1.04
TP'11 4.25 6.29 1.04
TP'12 4.25 6.64 1.04
TP'13 4.25 6.99 1.04
TP'14 4.25 7.34 1.04
TP'15 4.25 7.69 1.04
TB'1 2.06 2.89 1.24
TB'2 2.06 3.24 1.24
TB'3 2.06 3.59 1.24
TB'4 2.06 3.94 1.24
TB'5 2.06 4.29 1.24
TB'6 2.06 4.64 1.24
TB'7 2.06 4.99 1.24
TB'8 2.06 5.34 1.24
TB'9 2.06 5.69 1.24
TB'10 2.06 6.04 1.24
TB'11 2.06 6.39 1.24
TB'12 2.06 6.74 1.24
TB'13 2.06 7.09 1.24
TB'14 2.06 7.44 1.24
TB'15 2.06 7.79 1.24
A'1 2.5 2.67 2.22
A'2 2.5 3.02 2.22
A'3 2.5 3.37 2.22
A'4 2.5 3.72 2.22
A'5 2.5 4.07 2.22
A'6 2.5 4.42 2.22
A'7 2.5 4.77 2.22
A'8 2.5 5.12 2.22
A'9 2.5 5.47 2.22
A'10 2.5 5.82 2.22
A'11 2.5 6.17 2.22
A'12 2.5 6.52 2.22
A'13 2.5 6.87 2.22
A'14 2.5 7.22 2.22
A'15 2.5 7.57 2.22
B'1 1.71 2.37 2.25
B'2 1.71 2.72 2.25
B'3 1.71 3.07 2.25
B'4 1.71 3.42 2.25
B'5 1.71 3.77 2.25
B'6 1.71 4.12 2.25
B'7 1.71 4.47 2.25
B'8 1.71 4.82 2.25
B'9 1.71 5.17 2.25
B'10 1.71 5.52 2.25
B'11 1.71 5.87 2.25
B'12 1.71 6.22 2.25
B'13 1.71 6.57 2.25
B'14 1.71 6.92 2.25
B'15 1.71 7.27 2.25
C'1 -0.14 3.26 3.45
C'2 -0.14 3.61 3.45
C'3 -0.14 3.96 3.45
C'4 -0.14 4.31 3.45
C'5 -0.14 4.66 3.45
C'6 -0.14 5.01 3.45
C'7 -0.14 5.36 3.45
C'8 -0.14 5.71 3.45
C'9 -0.14 6.06 3.45
C'10 -0.14 6.41 3.45
C'11 -0.14 6.76 3.45
C'12 -0.14 7.11 3.45
C'13 -0.14 7.46 3.45
C'14 -0.14 7.81 3.45
C'15 -0.14 8.16 3.45
GPH'1 -0.76 2.87 2.97
GPH'2 -0.76 3.22 2.97
GPH'3 -0.76 3.57 2.97
GPH'4 -0.76 3.92 2.97
GPH'5 -0.76 4.27 2.97
GPH'6 -0.76 4.62 2.97
GPH'7 -0.76 4.97 2.97
GPH'8 -0.76 5.32 2.97
GPH'9 -0.76 5.67 2.97
GPH'10 -0.76 6.02 2.97
GPH'11 -0.76 6.37 2.97
GPH'12 -0.76 6.72 2.97
GPH'13 -0.76 7.07 2.97
GPH'14 -0.76 7.42 2.97
GPH'15 -0.76 7.77 2.97
OT'1 -3.36 2.96 3.2
OT'2 -3.36 3.31 3.2
OT'3 -3.36 3.66 3.2
OT'4 -3.36 4.01 3.2
OT'5 -3.36 4.36 3.2
OT'6 -3.36 4.71 3.2
OT'7 -3.36 5.06 3.2
OT'8 -3.36 5.41 3.2
OT'9 -3.36 5.76 3.2
OT'10 -3.36 6.11 3.2
OT'11 -3.36 6.46 3.2
OT'12 -3.36 6.81 3.2
OT'13 -3.36 7.16 3.2
OT'14 -3.36 7.51 3.2
OT'15 -3.36 7.86 3.2
FCA'1 -2.84 1.23 5.55
FCA'2 -2.84 1.58 5.55
FCA'3 -2.84 1.93 5.55
FCA'4 -2.84 2.28 5.55
FCA'5 -2.84 2.63 5.55
FCA'6 -2.84 2.98 5.55
FCA'7 -2.84 3.33 5.55
FCA'8 -2.84 3.68 5.55
FCA'9 -2.84 4.03 5.55
FCA'10 -2.84 4.38 5.55
FCA'11 -2.84 4.73 5.55
FCA'12 -2.84 5.08 5.55
FCA'13 -2.84 5.43 5.55
FCA'14 -2.84 5.78 5.55
FCA'15 -2.84 6.13 5.55
GL'1 -4.77 0.54 5.13
GL'2 -4.77 0.89 5.13
GL'3 -4.77 1.24 5.13
GL'4 -4.77 1.59 5.13
GL'5 -4.77 1.94 5.13
GL'6 -4.77 2.29 5.13
GL'7 -4.77 2.64 5.13
GL'8 -4.77 2.99 5.13
GL'9 -4.77 3.34 5.13
GL'10 -4.77 3.69 5.13
GL'11 -4.77 4.04 5.13
GL'12 -4.77 4.39 5.13
GL'13 -4.77 4.74 5.13
GL'14 -4.77 5.09 5.13
GL'15 -4.77 5.44 5.13
Cu'1 -5.49 0.52 6.77
Cu'2 -5.49 0.87 6.77
Cu'3 -5.49 1.22 6.77
Cu'4 -5.49 1.57 6.77
Cu'5 -5.49 1.92 6.77
Cu'6 -5.49 2.27 6.77
Cu'7 -5.49 2.62 6.77
Cu'8 -5.49 2.97 6.77
Cu'9 -5.49 3.32 6.77
Cu'10 -5.49 3.67 6.77
Cu'11 -5.49 4.02 6.77
Cu'12 -5.49 4.37 6.77
Cu'13 -5.49 4.72 6.77
Cu'14 -5.49 5.07 6.77
Cu'15 -5.49 5.42 6.77
PFG'1 -3.06 0.41 7.26
PFG'2 -3.06 0.76 7.26
PFG'3 -3.06 1.11 7.26
PFG'4 -3.06 1.46 7.26
PFG'5 -3.06 1.81 7.26
PFG'6 -3.06 2.16 7.26
PFG'7 -3.06 2.51 7.26
PFG'8 -3.06 2.86 7.26
PFG'9 -3.06 3.21 7.26
PFG'10 -3.06 3.56 7.26
PFG'11 -3.06 3.91 7.26
PFG'12 -3.06 4.26 7.26
PFG'13 -3.06 4.61 7.26
PFG'14 -3.06 4.96 7.26
PFG'15 -3.06 5.31 7.26
PP'1 -3.65 0.29 9.78
PP'2 -3.65 0.64 9.78
PP'3 -3.65 0.99 9.78
PP'4 -3.65 1.34 9.78
PP'5 -3.65 1.69 9.78
PP'6 -3.65 2.04 9.78
PP'7 -3.65 2.39 9.78
PP'8 -3.65 2.74 9.78
PP'9 -3.65 3.09 9.78
PP'10 -3.65 3.44 9.78
PP'11 -3.65 3.79 9.78
PP'12 -3.65 4.14 9.78
PP'13 -3.65 4.49 9.78
PP'14 -3.65 4.84 9.78
PP'15 -3.65 5.19 9.78
PA'1 -2.92 0.58 10.26
PA'2 -2.92 0.93 10.26
PA'3 -2.92 1.28 10.26
PA'4 -2.92 1.63 10.26
PA'5 -2.92 1.98 10.26
PA'6 -2.92 2.33 10.26
PA'7 -2.92 2.68 10.26
PA'8 -2.92 3.03 10.26
PA'9 -2.92 3.38 10.26
PA'10 -2.92 3.73 10.26
PA'11 -2.92 4.08 10.26
PA'12 -2.92 4.43 10.26
PA'13 -2.92 4.78 10.26
PA'14 -2.92 5.13 10.26
PA'15 -2.92 5.48 10.26
GC'1 -2.38 0.32 6.92
GC'2 -2.38 0.67 6.92
GC'3 -2.38 1.02 6.92
GC'4 -2.38 1.37 6.92
GC'5 -2.38 1.72 6.92
GC'6 -2.38 2.07 6.92
GC'7 -2.38 2.42 6.92
GC'8 -2.38 2.77 6.92
GC'9 -2.38 3.12 6.92
GC'10 -2.38 3.47 6.92
GC'11 -2.38 3.82 6.92
GC'12 -2.38 4.17 6.92
GC'13 -2.38 4.52 6.92
GC'14 -2.38 4.87 6.92
GC'15 -2.38 5.22 6.92
PI'1 -1.62 0.2 8.09
PI'2 -1.62 0.55 8.09
PI'3 -1.62 0.9 8.09
PI'4 -1.62 1.25 8.09
PI'5 -1.62 1.6 8.09
PI'6 -1.62 1.95 8.09
PI'7 -1.62 2.3 8.09
PI'8 -1.62 2.65 8.09
PI'9 -1.62 3.0 8.09
PI'10 -1.62 3.35 8.09
PI'11 -1.62 3.7 8.09
PI'12 -1.62 4.05 8.09
PI'13 -1.62 4.4 8.09
PI'14 -1.62 4.75 8.09
PI'15 -1.62 5.1 8.09
CP'1 0.67 0.51 7.98
CP'2 0.67 0.86 7.98
CP'3 0.67 1.21 7.98
CP'4 0.67 1.56 7.98
CP'5 0.67 1.91 7.98
CP'6 0.67 2.26 7.98
CP'7 0.67 2.61 7.98
CP'8 0.67 2.96 7.98
CP'9 0.67 3.31 7.98
CP'10 0.67 3.66 7.98
CP'11 0.67 4.01 7.98
CP'12 0.67 4.36 7.98
CP'13 0.67 4.71 7.98
CP'14 0.67 5.06 7.98
CP'15 0.67 5.41 7.98
CC'1 3.64 0.42 7.14
CC'2 3.64 0.77 7.14
CC'3 3.64 1.12 7.14
CC'4 3.64 1.47 7.14
CC'5 3.64 1.82 7.14
CC'6 3.64 2.17 7.14
CC'7 3.64 2.52 7.14
CC'8 3.64 2.87 7.14
CC'9 3.64 3.22 7.14
CC'10 3.64 3.57 7.14
CC'11 3.64 3.92 7.14
CC'12 3.64 4.27 7.14
CC'13 3.64 4.62 7.14
CC'14 3.64 4.97 7.14
CC'15 3.64 5.32 7.14
LP'1 -0.2 0.27 10.72
LP'2 -0.2 0.62 10.72
LP'3 -0.2 0.97 10.72
LP'4 -0.2 1.32 10.72
LP'5 -0.2 1.67 10.72
LP'6 -0.2 2.02 10.72
LP'7 -0.2 2.37 10.72
LP'8 -0.2 2.72 10.72
LP'9 -0.2 3.07 10.72
LP'10 -0.2 3.42 10.72
LP'11 -0.2 3.77 10.72
LP'12 -0.2 4.12 10.72
LP'13 -0.2 4.47 10.72
LP'14 -0.2 4.82 10.72
LP'15 -0.2 5.17 10.72
SA'1 0.79 0.18 10.48
SA'2 0.79 0.53 10.48
SA'3 0.79 0.88 10.48
SA'4 0.79 1.23 10.48
SA'5 0.79 1.58 10.48
SA'6 0.79 1.93 10.48
SA'7 0.79 2.28 10.48
SA'8 0.79 2.63 10.48
SA'9 0.79 2.98 10.48
SA'10 0.79 3.33 10.48
SA'11 0.79 3.68 10.48
SA'12 0.79 4.03 10.48
SA'13 0.79 4.38 10.48
SA'14 0.79 4.73 10.48
SA'15 0.79 5.08 10.48
PM'1 2.68 0.18 10.29
PM'2 2.68 0.53 10.29
PM'3 2.68 0.88 10.29
PM'4 2.68 1.23 10.29
PM'5 2.68 1.58 10.29
PM'6 2.68 1.93 10.29
PM'7 2.68 2.28 10.29
PM'8 2.68 2.63 10.29
PM'9 2.68 2.98 10.29
PM'10 2.68 3.33 10.29
PM'11 2.68 3.68 10.29
PM'12 2.68 4.03 10.29
PM'13 2.68 4.38 10.29
PM'14 2.68 4.73 10.29
PM'15 2.68 5.08 10.29
FD'1 5.43 0.29 9.06
FD'2 5.43 0.64 9.06
FD'3 5.43 0.99 9.06
FD'4 5.43 1.34 9.06
FD'5 5.43 1.69 9.06
FD'6 5.43 2.04 9.06
FD'7 5.43 2.39 9.06
FD'8 5.43 2.74 9.06
FD'9 5.43 3.09 9.06
FD'10 5.43 3.44 9.06
FD'11 5.43 3.79 9.06
FD'12 5.43 4.14 9.06
FD'13 5.43 4.49 9.06
FD'14 5.43 4.84 9.06
FD'15 5.43 5.19 9.06
FP'1 8.75 0.54 5.2
FP'2 8.75 0.89 5.2
FP'3 8.75 1.24 5.2
FP'4 8.75 1.59 5.2
FP'5 8.75 1.94 5.2
FP'6 8.75 2.29 5.2
FP'7 8.75 2.64 5.2
FP'8 8.75 2.99 5.2
FP'9 8.75 3.34 5.2
FP'10 8.75 3.69 5.2
FP'11 8.75 4.04 5.2
FP'12 8.75 4.39 5.2
FP'13 8.75 4.74 5.2
FP'14 8.75 5.09 5.2
FP'15 8.75 5.44 5.2
CR'1 5.94 0.94 4.99
CR'2 5.94 1.29 4.99
CR'3 5.94 1.64 4.99
CR'4 5.94 1.99 4.99
CR'5 5.94 2.34 4.99
CR'6 5.94 2.69 4.99
CR'7 5.94 3.04 4.99
CR'8 5.94 3.39 4.99
CR'9 5.94 3.74 4.99
CR'10 5.94 4.09 4.99
CR'11 5.94 4.44 4.99
CR'12 5.94 4.79 4.99
CR'13 5.94 5.14 4.99
CR'14 5.94 5.49 4.99
CR'15 5.94 5.84 4.99
R'1 7.14 0.57 2.78
R'2 7.14 0.92 2.78
R'3 7.14 1.27 2.78
R'4 7.14 1.62 2.78
R'5 7.14 1.97 2.78
R'6 7.14 2.32 2.78
R'7 7.14 2.67 2.78
R'8 7.14 3.02 2.78
R'9 7.14 3.37 2.78
R'10 7.14 3.72 2.78
R'11 7.14 4.07 2.78
R'12 7.14 4.42 2.78
R'13 7.14 4.77 2.78
R'14 7.14 5.12 2.78
R'15 7.14 5.47 2.78
OR'1 4.44 0.46 3.0
OR'2 4.69595497202 0.463571464726 3.23869289251
OR'3 4.95190994404 0.467142929452 3.47738578503
OR'4 5.20786491607 0.470714394178 3.71607867754
OR'5 5.46381988809 0.474285858904 3.95477157006
OR'6 6.12198981615 0.483469625342 4.56855329366
OR'7 6.37794478817 0.487041090067 4.80724618618
OR'8 6.63389976019 0.490612554793 5.04593907869
OR'9 6.88985473222 0.494184019519 5.28463197121
OR'10 7.14580970424 0.497755484245 5.52332486372
OR'11 7.8039796323 0.506939250683 6.13710658733
OR'12 8.05993460432 0.510510715409 6.37579947984
OR'13 8.31588957634 0.514082180135 6.61449237235
OR'14 8.57184454836 0.517653644861 6.85318526487
OR'15 8.82779952039 0.521225109587 7.09187815738
FT'1 5.9 0.35 4.13
FT'2 5.9 0.7 4.13
FT'3 5.9 1.05 4.13
FT'4 5.9 1.4 4.13
FT'5 5.9 1.75 4.13
FT'6 5.9 2.1 4.13
FT'7 5.9 2.45 4.13
FT'8 5.9 2.8 4.13
FT'9 5.9 3.15 4.13
FT'10 5.9 3.5 4.13
FT'11 5.9 3.85 4.13
FT'12 5.9 4.2 4.13
FT'13 5.9 4.55 4.13
FT'14 5.9 4.9 4.13
FT'15 5.9 5.25 4.13
SC'1 -1.37 0.29 9.28
SC'2 -1.37 0.64 9.28
SC'3 -1.37 0.99 9.28
SC'4 -1.37 1.34 9.28
SC'5 -1.37 1.69 9.28
SC'6 -1.37 2.04 9.28
SC'7 -1.37 2.39 9.28
SC'8 -1.37 2.74 9.28
SC'9 -1.37 3.09 9.28
SC'10 -1.37 3.44 9.28
SC'11 -1.37 3.79 9.28
SC'12 -1.37 4.14 9.28
SC'13 -1.37 4.49 9.28
SC'14 -1.37 4.84 9.28
SC'15 -1.37 5.19 9.28
OF'1 4.61 3.65 4.53
OF'2 4.61 4.0 4.53
OF'3 4.61 4.35 4.53
OF'4 4.61 4.7 4.53
OF'5 4.61 5.05 4.53
OF'6 4.61 5.4 4.53
OF'7 4.61 5.75 4.53
OF'8 4.61 6.1 4.53
OF'9 4.61 6.45 4.53
OF'10 4.61 6.8 4.53
OF'11 4.61 7.15 4.53
OF'12 4.61 7.5 4.53
OF'13 4.61 7.85 4.53
OF'14 4.61 8.2 4.53
OF'15 4.61 8.55 4.53
OC'1 1.83 3.74 4.96
OC'2 1.83 4.09 4.96
OC'3 1.83 4.44 4.96
OC'4 1.83 4.79 4.96
OC'5 1.83 5.14 4.96
OC'6 1.83 5.49 4.96
OC'7 1.83 5.84 4.96
OC'8 1.83 6.19 4.96
OC'9 1.83 6.54 4.96
OC'10 1.83 6.89 4.96
OC'11 1.83 7.24 4.96
OC'12 1.83 7.59 4.96
OC'13 1.83 7.94 4.96
OC'14 1.83 8.29 4.96
OC'15 1.83 8.64 4.96
OP'1 -0.02 3.53 6.05
OP'2 -0.02 3.88 6.05
OP'3 -0.02 4.23 6.05
OP'4 -0.02 4.58 6.05
OP'5 -0.02 4.93 6.05
OP'6 -0.02 5.28 6.05
OP'7 -0.02 5.63 6.05
OP'8 -0.02 5.98 6.05
OP'9 -0.02 6.33 6.05
OP'10 -0.02 6.68 6.05
OP'11 -0.02 7.03 6.05
OP'12 -0.02 7.38 6.05
OP'13 -0.02 7.73 6.05
OP'14 -0.02 8.08 6.05
OP'15 -0.02 8.43 6.05
H'1 1.1 2.05 4.28
H'2 1.1 2.4 4.28
H'3 1.1 2.75 4.28
H'4 1.1 3.1 4.28
H'5 1.1 3.45 4.28
H'6 1.1 3.8 4.28
H'7 1.1 4.15 4.28
H'8 1.1 4.5 4.28
H'9 1.1 4.85 4.28
H'10 1.1 5.2 4.28
H'11 1.1 5.55 4.28
H'12 1.1 5.9 4.28
H'13 1.1 6.25 4.28
H'14 1.1 6.6 4.28
H'15 1.1 6.95 4.28
T'1 1.48 1.86 3.76
T'2 1.48 2.21 3.76
T'3 1.48 2.56 3.76
T'4 1.48 2.91 3.76
T'5 1.48 3.26 3.76
T'6 1.48 3.61 3.76
T'7 1.48 3.96 3.76
T'8 1.48 4.31 3.76
T'9 1.48 4.66 3.76
T'10 1.48 5.01 3.76
T'11 1.48 5.36 3.76
T'12 1.48 5.71 3.76
T'13 1.48 6.06 3.76
T'14 1.48 6.41 3.76
T'15 1.48 6.76 3.76
